  4.7324592e+000  1.1520000e+002
  5.0334893e+000  1.7600000e+002
  5.2095805e+000  1.9880000e+002
  5.3345193e+000  2.1596320e+002
  5.5106105e+000  2.3586940e+002
  5.7324593e+000  2.7270530e+002
  5.9365793e+000  2.8375920e+002
  6.1303993e+000  2.9171340e+002
  6.3345193e+000  3.0324720e+002
  6.5317998e+000  2.7520420e+002
  6.7324593e+000  2.8725920e+002
  6.9365793e+000  2.4692100e+002
  7.1303993e+000  2.3149200e+002
  7.2095805e+000  2.2290980e+002
  7.5317998e+000  1.9273440e+002
  7.7324593e+000  1.7497880e+002
  3.1824592e+000  1.4000000e+001
  3.4834893e+000  1.5000000e+001
  3.6595805e+000  2.0683520e+001
  3.7845193e+000  2.4814130e+001
  3.9606105e+000  3.5097580e+001
  4.1824593e+000  5.2713890e+001
  4.3865793e+000  7.1547600e+001
  4.5803993e+000  9.5851590e+001
  4.7845193e+000  1.2217000e+002
  4.9817998e+000  1.5070260e+002
  1.9324592e+000  1.2950400e+000
  2.2334893e+000  2.0371930e+000
  2.4095805e+000  2.7302240e+000
  2.5345193e+000  3.3032300e+000
  2.7106105e+000  4.3345710e+000
  2.9324593e+000  6.1785180e+000
  3.1365793e+000  8.6601870e+000
  3.3303993e+000  1.2026980e+001
  3.5345193e+000  1.7102090e+001
  3.7317998e+000  2.3909900e+001
  3.9324593e+000  3.4575520e+001
  4.1365793e+000  4.8921020e+001
  4.3303993e+000  6.7333440e+001
  4.4095805e+000  7.7173900e+001
  4.7317998e+000  1.1491910e+002
  4.9324593e+000  1.4402400e+002
  8.6245923e-001  3.4098340e-001
  1.1634893e+000  4.8307810e-001
  1.3395805e+000  6.0260200e-001
  1.4645193e+000  7.1415660e-001
  1.6406105e+000  9.0572660e-001
  1.8624593e+000  1.2218070e+000
  2.0665793e+000  1.6348140e+000
  2.2603993e+000  2.1760650e+000
  2.4645193e+000  2.9418970e+000
  2.6617998e+000  3.9097870e+000
  2.8624593e+000  5.2921300e+000
  3.0665793e+000  7.3441840e+000
  3.2603993e+000  1.0077230e+001
  3.3395805e+000  1.1495660e+001
  3.6617998e+000  1.9586400e+001
  3.8624593e+000  2.7666500e+001
  1.8245923e-001  2.2778280e-001
  4.8348926e-001  2.5922460e-001
  6.5958052e-001  2.9565040e-001
  7.8451926e-001  3.2908630e-001
  9.6061052e-001  3.9056080e-001
  1.1824593e+000  4.9994490e-001
  1.3865793e+000  6.4003040e-001
  1.5803993e+000  8.2511630e-001
  1.7845193e+000  1.0877060e+000
  1.9817998e+000  1.4275760e+000
  2.1824593e+000  1.9025310e+000
  2.3865793e+000  2.5225580e+000
  2.5803993e+000  3.3268160e+000
  2.6595805e+000  3.7284000e+000
  2.9817998e+000  6.0040440e+000
  3.1824593e+000  8.1683840e+000
