  4.7324592e+000  5.4500000e+001
  5.0334893e+000  1.0390000e+002
  5.2095805e+000  1.3740000e+002
  5.3345193e+000  1.9291360e+002
  5.5106105e+000  2.1562080e+002
  5.7324593e+000  3.0074140e+002
  5.9365793e+000  3.7185500e+002
  6.1303993e+000  4.7673330e+002
  6.3345193e+000  5.5932710e+002
  6.5317998e+000  6.2313610e+002
  6.7324593e+000  6.5853470e+002
  6.9365793e+000  7.7711580e+002
  7.1303993e+000  8.4465560e+002
  7.2095805e+000  8.6952850e+002
  7.5317998e+000  9.6127460e+002
  7.7324593e+000  1.0111960e+003
  3.1824592e+000  7.0000000e+000
  3.4834893e+000  8.0500000e+000
  3.6595805e+000  1.0011850e+001
  3.7845193e+000  1.2033140e+001
  3.9606105e+000  1.5527200e+001
  4.1824593e+000  2.2126430e+001
  4.3865793e+000  3.1874900e+001
  4.5803993e+000  4.6188000e+001
  4.7845193e+000  6.7858080e+001
  4.9817998e+000  9.2274100e+001
  1.9324592e+000  2.9961740e+000
  2.2334893e+000  3.4612470e+000
  2.4095805e+000  3.8436130e+000
  2.5345193e+000  4.1519360e+000
  2.7106105e+000  4.6629160e+000
  2.9324593e+000  5.4925060e+000
  3.1365793e+000  6.5214660e+000
  3.3303993e+000  7.8607050e+000
  3.5345193e+000  9.7968010e+000
  3.7317998e+000  1.2333400e+001
  3.9324593e+000  1.6314700e+001
  4.1365793e+000  2.2907740e+001
  4.3303993e+000  3.1803730e+001
  4.4095805e+000  3.7817970e+001
  4.7317998e+000  6.5135440e+001
  4.9324593e+000  9.3460950e+001
  8.6245923e-001  2.3947590e+000
  1.1634893e+000  2.5205300e+000
  1.3395805e+000  2.6218410e+000
  1.4645193e+000  2.7065430e+000
  1.6406105e+000  2.8479760e+000
  1.8624593e+000  3.0780120e+000
  2.0665793e+000  3.3422900e+000
  2.2603993e+000  3.6884500e+000
  2.4645193e+000  4.1430520e+000
  2.6617998e+000  4.7030080e+000
  2.8624593e+000  5.4174740e+000
  3.0665793e+000  6.4344780e+000
  3.2603993e+000  7.6661020e+000
  3.3395805e+000  8.2512780e+000
  3.6617998e+000  1.1579610e+001
  3.8624593e+000  1.4857160e+001
  1.8245923e-001  2.2686350e+000
  4.8348926e-001  2.3473800e+000
  6.5958052e-001  2.4058430e+000
  7.8451926e-001  2.4493770e+000
  9.6061052e-001  2.5158980e+000
  1.1824593e+000  2.6176720e+000
  1.3865793e+000  2.7303960e+000
  1.5803993e+000  2.8688540e+000
  1.7845193e+000  3.0599820e+000
  1.9817998e+000  3.2997520e+000
  2.1824593e+000  3.6048780e+000
  2.3865793e+000  4.0338980e+000
  2.5803993e+000  4.5392010e+000
  2.6595805e+000  4.7838280e+000
  2.9817998e+000  6.0599210e+000
  3.1824593e+000  7.1566100e+000
